"PersonGender"
"key","code","name","note",
"2","Female","Female","Female",
"1","Male","Male","Male",
